1A' NH2 potential energy surface                                                
 Coeff.NH2-1app      
 Coeff.HH-1app       
 Coeff.NH-1app       
  14.00672 -1.51855913  0.
 2 2 2
 1 1 1
  0.5  0.9
 16
  0.
  0.106934
  0.481776
  0.84872
  1.
  1.246021
  2.676858
  3.874119
  5.447387
  5.9
  6.237329
  6.81
  7.445039
  9.608788
  11.097751
  14.206704
 25
  0.342261
  0.740756
  0.965365
  1.37336
  1.41
  1.48
  1.54
  1.64
  1.830126
  2.339825
  2.659019
  2.715564
  2.91
  2.93
  2.96
  3.026
  3.1
  3.29
  3.642244
  4.2
  4.755036
  5.032399
  6.760984
  6.882932
  9.194292
 7
  0.
  0.029665
  0.077759
  0.311762
  0.704329
  0.971601
  1.
